image: map5.png
resolution: 0.01
origin: [0.000000, 0.000000, 0.000000]
occupied_thresh: 0.65